1000000 5 19145000.000000000
1000000 6 19111999.999999989
1000000 7 19094999.999999974
1000000 8 11319999.999999996
1000000 9 11175999.999999965
1000000 10 20480000.000000052
2000000 5 19087000.000000075
2000000 6 18974999.999999963
2000000 7 19036000.000000052
2000000 8 18515999.999999978
2000000 9 20338999.999999885
2000000 10 20344999.999999836
3000000 5 19137000.000000183
3000000 6 19022999.999999791
3000000 7 11449000.000000264
3000000 8 18522999.999999624
3000000 9 20343000.000000000
3000000 10 11891000.000000319
4000000 5 19191999.999999430
4000000 6 19079999.999999765
4000000 7 11667000.000000093
4000000 8 17603999.999999508
4000000 9 12412000.000000311
4000000 10 12338999.999999877
5000000 5 19087999.999999993
5000000 6 18926999.999999695
5000000 7 12127999.999999695
5000000 8 16524000.000000427
5000000 9 13290000.000000468
5000000 10 13317999.999999940
