1 8 1 10 9 8 4 8 4 8 3 7 1 10 9 4 7 1 2 1 
6 3 9 3 3 2 3 2 5 2 6 2 8 1 4 6 1 8 4 8 
7 7 9 4 4 9 6 10 1 2 1 1 10 10 2 8 1 5 6 1 
9 3 9 8 3 10 8 1 1 10 4 2 4 9 5 6 10 4 1 4 
7 4 2 7 8 8 1 2 7 4 8 9 4 3 1 1 7 8 2 8 
2 2 8 5 10 10 2 3 8 9 1 10 8 3 4 5 3 4 1 10 
5 4 1 1 3 6 10 7 4 7 9 3 5 9 8 10 3 10 7 4 
2 7 8 7 7 1 4 8 3 7 4 3 9 6 4 4 2 10 8 6 
2 3 3 8 3 5 10 8 6 1 5 8 9 2 7 3 10 3 5 7 
6 5 3 10 4 7 1 7 8 1 2 4 5 1 5 3 3 1 7 1 
10 7 2 4 10 3 1 3 7 10 7 2 9 10 1 7 6 6 10 8 
3 1 8 8 5 2 9 5 7 10 5 2 4 1 5 8 8 7 5 2 
8 6 9 4 5 1 2 9 1 9 7 7 2 3 6 6 2 7 2 10 
8 5 10 7 10 7 1 7 10 4 8 8 2 4 8 1 2 10 4 3 
6 9 2 6 4 8 7 5 9 9 10 10 1 9 9 1 5 8 8 6 
7 10 4 2 6 1 7 10 7 3 3 10 5 1 10 2 5 4 5 2 
7 7 4 2 8 10 10 3 10 7 4 6 4 7 3 6 7 6 9 6 
8 9 9 3 10 8 1 3 1 6 8 4 9 2 8 4 5 2 4 8 
5 3 4 2 1 5 3 10 9 6 2 1 1 8 7 10 6 10 7 8 
8 3 7 10 7 5 9 10 8 4 5 5 10 3 1 5 8 1 5 7 
