1000000 5 613943.993812427
2000000 5 1128742.995206267
3000000 5 1821928.002755158
4000000 5 2290931.995958090
5000000 5 2586128.990515135
1000000 6 1068981.990101747
2000000 6 1744414.999848232
3000000 6 2616019.002743997
4000000 6 2795237.000100315
5000000 6 3272766.989539377
1000000 7 831212.993944064
2000000 7 1505470.994743519
3000000 7 1768111.003912054
4000000 7 2302997.003425844
5000000 7 2586091.999546625
1000000 8 1089042.998501100
2000000 8 1936336.004291661
3000000 8 2683447.994058952
4000000 8 2782844.007015228
5000000 8 1867451.996076852
1000000 9 1143037.996371277
2000000 9 2022319.997195154
3000000 9 2547498.996136710
4000000 9 3237615.994294174
5000000 9 3588922.001654282
1000000 10 5475226.003909484
2000000 10 1131420.998717658
3000000 10 1681144.000031054
4000000 10 2250976.001960225
5000000 10 2446286.991471425
