1000000 5 3463000.000000000
2000000 5 6855999.999999999
3000000 5 10137000.000000002
4000000 5 13118000.000000002
5000000 5 16689999.999999996
1000000 6 2932000.000000000
2000000 6 5764999.999999999
3000000 6 8602000.000000000
4000000 6 11456000.000000000
5000000 6 14094000.000000002
1000000 7 2544000.000000000
2000000 7 4894000.000000001
3000000 7 7493000.000000000
4000000 7 12114999.999999998
5000000 7 12516999.999999996
1000000 8 4365000.000000000
2000000 8 8496000.000000000
3000000 8 12636000.000000000
4000000 8 17012000.000000004
5000000 8 10891000.000000006
1000000 9 3792000.000000000
2000000 9 7472000.000000000
3000000 9 11472000.000000000
4000000 9 14829000.000000002
5000000 9 17686999.999999993
1000000 10 3506000.000000000
2000000 10 6792999.999999999
3000000 10 10627999.999999998
4000000 10 13556999.999999996
5000000 10 16516000.000000004
