1 5000.000000000
2 0.000000000
3 0.000000000
4 0.000000000
5 0.000000000
6 1000.000000000
7 0.000000000
8 0.000000000
9 0.000000000
10 0.000000000
11 0.000000000
12 0.000000000
13 0.000000000
14 0.000000000
15 0.000000000
16 0.000000000
17 0.000000000
18 0.000000000
19 0.000000000
20 1000.000000000
21 0.000000000
22 0.000000000
23 1000.000000000
24 0.000000000
25 0.000000000
26 1000.000000000
27 0.000000000
28 0.000000000
29 1000.000000000
30 1000.000000000
31 0.000000000
32 0.000000000
33 1000.000000000
34 1000.000000000
35 1000.000000000
36 1000.000000000
37 0.000000000
38 0.000000000
39 1000.000000000
40 1000.000000000
41 1000.000000000
42 1000.000000000
43 1000.000000000
44 1000.000000000
45 1000.000000000
46 1000.000000000
47 1000.000000000
48 1000.000000000
49 1000.000000000
50 1000.000000000
51 1000.000000000
52 1000.000000000
53 0.000000000
54 0.000000000
55 0.000000000
56 0.000000000
57 0.000000000
58 0.000000000
59 0.000000000
60 0.000000000
61 1000.000000000
62 1000.000000000
63 1000.000000000
64 1000.000000000
65 0.000000000
66 1000.000000000
67 1000.000000000
68 1000.000000000
69 0.000000000
70 1000.000000000
71 1000.000000000
72 1000.000000000
73 1000.000000000
74 1000.000000000
75 1000.000000000
76 1000.000000000
77 1000.000000000
78 1000.000000000
79 1000.000000000
80 1000.000000000
81 1000.000000000
82 1000.000000000
83 1000.000000000
84 1000.000000000
85 1000.000000000
86 1000.000000000
87 1000.000000000
88 1000.000000000
89 1000.000000000
90 1000.000000000
91 1000.000000000
92 1000.000000000
93 1000.000000000
94 2000.000000000
95 1000.000000000
96 1000.000000000
97 2000.000000000
98 1000.000000000
99 1000.000000000
100 2000.000000000
101 2000.000000000
102 1000.000000000
103 1000.000000000
104 2000.000000000
105 2000.000000000
106 1000.000000000
107 1000.000000000
108 1000.000000000
109 2000.000000000
110 2000.000000000
111 2000.000000000
112 1000.000000000
113 1000.000000000
114 1000.000000000
115 2000.000000000
116 2000.000000000
117 2000.000000000
118 2000.000000000
119 2000.000000000
120 2000.000000000
121 2000.000000000
122 2000.000000000
123 2000.000000000
124 2000.000000000
125 2000.000000000
126 2000.000000000
127 2000.000000000
128 2000.000000000
129 2000.000000000
130 2000.000000000
131 2000.000000000
132 2000.000000000
133 2000.000000000
134 2000.000000000
135 1000.000000000
136 1000.000000000
137 2000.000000000
138 2000.000000000
139 2000.000000000
140 2000.000000000
141 1000.000000000
142 2000.000000000
143 2000.000000000
144 2000.000000000
145 2000.000000000
146 2000.000000000
147 2000.000000000
148 2000.000000000
149 2000.000000000
150 2000.000000000
151 2000.000000000
152 2000.000000000
153 2000.000000000
154 2000.000000000
155 2000.000000000
156 2000.000000000
157 2000.000000000
158 2000.000000000
159 2000.000000000
160 2000.000000000
161 2000.000000000
162 2000.000000000
163 17000.000000000
164 2000.000000000
165 2000.000000000
166 2000.000000000
167 2000.000000000
168 2000.000000000
169 2000.000000000
170 2000.000000000
171 2000.000000000
172 3000.000000000
173 2000.000000000
174 2000.000000000
175 3000.000000000
176 2000.000000000
177 2000.000000000
178 3000.000000000
179 2000.000000000
180 2000.000000000
181 3000.000000000
182 2000.000000000
183 2000.000000000
184 3000.000000000
185 3000.000000000
186 2000.000000000
187 2000.000000000
188 2000.000000000
189 3000.000000000
190 3000.000000000
191 3000.000000000
192 2000.000000000
193 2000.000000000
194 2000.000000000
195 2000.000000000
196 3000.000000000
197 3000.000000000
198 3000.000000000
199 3000.000000000
200 3000.000000000
201 3000.000000000
202 3000.000000000
203 3000.000000000
204 3000.000000000
205 3000.000000000
206 3000.000000000
207 3000.000000000
208 3000.000000000
209 12000.000000000
210 3000.000000033
211 2999.999999975
212 2999.999999975
213 2999.999999975
214 3000.000000086
215 2000.000000058
216 2999.999999975
217 2999.999999975
218 2999.999999975
219 2999.999999975
220 3000.000000086
221 3000.000000086
222 2999.999999975
223 2999.999999975
224 2999.999999975
225 2999.999999975
226 2999.999999975
227 3000.000000086
228 2999.999999975
229 2999.999999975
230 2999.999999975
231 2999.999999975
232 3000.000000086
233 2999.999999975
234 2999.999999975
235 2999.999999975
236 2999.999999975
237 2999.999999975
238 2999.999999975
239 2999.999999975
240 3000.000000086
241 3000.000000086
242 2999.999999975
243 2999.999999975
244 2999.999999975
245 2999.999999975
246 2999.999999975
247 2999.999999975
248 2999.999999975
249 2999.999999975
250 3000.000000086
251 3000.000000086
252 3999.999999893
253 3000.000000086
254 3000.000000086
255 2999.999999975
256 2999.999999975
257 4000.000000004
258 2999.999999975
259 2999.999999975
260 4000.000000004
261 4000.000000004
262 2999.999999975
263 2999.999999975
264 4000.000000004
265 2999.999999975
266 2999.999999975
267 2999.999999975
268 4000.000000004
269 4000.000000004
270 2999.999999975
271 2999.999999975
272 2999.999999975
273 4000.000000004
274 4000.000000004
275 4000.000000004
276 4000.000000004
277 4000.000000004
278 2999.999999975
279 2999.999999975
280 2999.999999975
281 2999.999999975
282 2999.999999975
283 2999.999999975
284 2999.999999975
285 2999.999999975
286 2999.999999975
287 2999.999999975
288 2999.999999975
289 2999.999999975
290 4000.000000004
291 4000.000000004
292 4000.000000004
293 4000.000000004
294 4000.000000004
295 16999.999999934
296 2999.999999975
297 2999.999999975
298 2999.999999975
299 2999.999999975
300 2999.999999975
301 4000.000000004
302 4000.000000004
303 4000.000000004
304 4000.000000004
305 4000.000000004
306 3999.999999893
307 4000.000000004
308 2999.999999975
309 4000.000000004
310 4000.000000004
311 4000.000000004
312 4000.000000004
313 2999.999999975
314 4000.000000004
315 4000.000000004
316 4000.000000004
317 3000.000000086
318 4000.000000004
319 4000.000000004
320 4000.000000004
321 4000.000000004
322 4000.000000004
323 4000.000000004
324 4000.000000004
325 3999.999999893
326 4000.000000004
327 4000.000000004
328 4000.000000004
329 4000.000000004
330 4000.000000004
331 4000.000000004
332 4000.000000004
333 4000.000000004
334 4000.000000004
335 4000.000000004
336 4000.000000004
337 4000.000000004
338 3999.999999893
339 4000.000000004
340 4000.000000004
341 5000.000000033
342 4000.000000004
343 5000.000000033
344 3999.999999893
345 4000.000000004
346 5000.000000033
347 4000.000000004
348 4000.000000004
349 4999.999999922
350 4000.000000004
351 4000.000000004
352 5000.000000033
353 4000.000000004
354 4000.000000004
355 5000.000000033
356 5000.000000033
357 4000.000000004
358 4000.000000004
359 5000.000000033
360 5000.000000033
361 4000.000000004
362 4000.000000004
363 4000.000000004
364 5000.000000033
365 5000.000000033
366 4999.999999922
367 5000.000000033
368 5000.000000033
369 4000.000000004
370 4000.000000004
371 4000.000000004
372 4000.000000004
373 3999.999999893
374 4000.000000004
375 4000.000000004
376 5000.000000033
377 4000.000000004
378 4000.000000004
379 4000.000000004
380 4000.000000004
381 4000.000000004
382 4000.000000004
383 4000.000000004
384 5000.000000033
385 5000.000000033
386 4999.999999922
387 5000.000000033
388 5000.000000033
389 4999.999999922
390 4000.000000004
391 5000.000000033
392 4999.999999922
393 5000.000000033
394 5000.000000033
395 5000.000000033
396 5000.000000033
397 5000.000000033
398 4999.999999922
399 5000.000000033
400 4999.999999922
401 5000.000000033
402 5000.000000033
403 4999.999999922
404 5000.000000033
405 4999.999999922
406 5000.000000033
407 5000.000000033
408 4999.999999922
409 5000.000000033
410 5000.000000033
411 5000.000000033
412 5000.000000033
413 4999.999999922
414 5000.000000033
415 4999.999999922
416 5000.000000033
417 5000.000000033
418 4999.999999922
419 5000.000000033
420 4999.999999922
421 5000.000000033
422 5000.000000033
423 5000.000000033
424 6000.000000062
425 4999.999999922
426 5000.000000033
427 4999.999999922
428 5000.000000033
429 5999.999999950
430 5000.000000033
431 4999.999999922
432 5000.000000033
433 5999.999999950
434 5000.000000033
435 4999.999999922
436 6000.000000062
437 5999.999999950
438 5000.000000033
439 5000.000000033
440 5999.999999950
441 5999.999999950
442 5000.000000033
443 5000.000000033
444 5000.000000033
445 5000.000000033
446 5000.000000033
447 4999.999999922
448 6000.000000062
449 5999.999999950
450 6000.000000062
451 5999.999999950
452 6000.000000062
453 5999.999999950
454 6000.000000062
455 5999.999999950
456 5999.999999950
457 6000.000000062
458 5999.999999950
459 6000.000000062
460 5999.999999950
461 6000.000000062
462 5999.999999950
463 6000.000000062
464 5999.999999950
465 5999.999999950
466 6000.000000062
467 5999.999999950
468 5000.000000033
469 4999.999999922
470 5999.999999950
471 6000.000000062
472 5999.999999950
473 6000.000000062
474 19999.999999909
475 4999.999999922
476 5999.999999950
477 6000.000000062
478 5999.999999950
479 6000.000000062
480 5999.999999950
481 5999.999999950
482 6000.000000062
483 5999.999999950
484 5999.999999950
485 6000.000000062
486 5999.999999950
487 5999.999999950
488 6000.000000062
489 5999.999999950
490 5999.999999950
491 6000.000000062
492 5999.999999950
493 6000.000000062
494 5999.999999950
495 5999.999999950
496 6000.000000062
497 6000.000000062
498 5999.999999950
499 5999.999999950
500 6000.000000062
